# oST version 5.0 parameters


[image]

width
800

height
503

[narrow_stereo]

camera matrix
290.050152 0.000000 399.938345
0.000000 289.392837 273.885669
0.000000 0.000000 1.000000

distortion
-0.030464 -0.019695 0.002098 0.001030

rectification
1.000000 0.000000 0.000000
0.000000 1.000000 0.000000
0.000000 0.000000 1.000000

projection
80.425769 0.000000 287.422318 0.000000
0.000000 80.243507 32.874135 0.000000
0.000000 0.000000 1.000000 0.000000

