image_width: 800
image_height: 503
camera_name: narrow_stereo
camera_matrix:
  rows: 3
  cols: 3
  data: [290.050152, 0.000000, 399.938345, 0.000000, 289.392837, 273.885669, 0.000000, 0.000000, 1.000000]
distortion_model: plumb_bob
distortion_coefficients:
  rows: 1
  cols: 4
  data: [-0.030464, -0.019695, 0.002098, 0.001030]
rectification_matrix:
  rows: 3
  cols: 3
  data: [1.000000, 0.000000, 0.000000, 0.000000, 1.000000, 0.000000, 0.000000, 0.000000, 1.000000]
projection_matrix:
  rows: 3
  cols: 4
  data: [80.425769, 0.000000, 287.422318, 0.000000, 0.000000, 80.243507, 32.874135, 0.000000, 0.000000, 0.000000, 1.000000, 0.000000]
