image_width: 800
image_height: 503
camera_name: narrow_stereo/left
camera_matrix:
  rows: 3
  cols: 3
  data: [290.738946, 0.000000, 399.936425, 0.000000, 290.825658, 273.618354, 0.000000, 0.000000, 1.000000]
distortion_model: plumb_bob
distortion_coefficients:
  rows: 1
  cols: 4
  data: [-0.054041, 0.008165, -0.007240, 0.001573]
rectification_matrix:
  rows: 3
  cols: 3
  data: [0.999739, -0.021387, 0.008082, 0.021381, 0.999771, 0.000887, -0.008099, -0.000714, 0.999967]
projection_matrix:
  rows: 3
  cols: 4
  data: [97.442957, 0.000000, -65.870115, 0.000000, 0.000000, 97.442957, 214.134311, 0.000000, 0.000000, 0.000000, 1.000000, 0.000000]
