# oST version 5.0 parameters


[image]

width
800

height
503

[narrow_stereo/left]

camera matrix
290.738946 0.000000 399.936425
0.000000 290.825658 273.618354
0.000000 0.000000 1.000000

distortion
-0.054041 0.008165 -0.007240 0.001573

rectification
0.999739 -0.021387 0.008082
0.021381 0.999771 0.000887
-0.008099 -0.000714 0.999967

projection
97.442957 0.000000 -65.870115 0.000000
0.000000 97.442957 214.134311 0.000000
0.000000 0.000000 1.000000 0.000000

# oST version 5.0 parameters


[image]

width
800

height
503

[narrow_stereo/right]

camera matrix
290.519306 0.000000 397.967038
0.000000 290.371639 270.054928
0.000000 0.000000 1.000000

distortion
-0.035472 -0.020162 0.011726 -0.003120

rectification
0.999917 -0.001657 0.012751
0.001667 0.999998 -0.000790
-0.012750 0.000811 0.999918

projection
97.442957 0.000000 -65.870115 -11.405056
0.000000 97.442957 214.134311 0.000000
0.000000 0.000000 1.000000 0.000000

