image_width: 800
image_height: 503
camera_name: narrow_stereo/right
camera_matrix:
  rows: 3
  cols: 3
  data: [290.519306, 0.000000, 397.967038, 0.000000, 290.371639, 270.054928, 0.000000, 0.000000, 1.000000]
distortion_model: plumb_bob
distortion_coefficients:
  rows: 1
  cols: 4
  data: [-0.035472, -0.020162, 0.011726, -0.003120]
rectification_matrix:
  rows: 3
  cols: 3
  data: [0.999917, -0.001657, 0.012751, 0.001667, 0.999998, -0.000790, -0.012750, 0.000811, 0.999918]
projection_matrix:
  rows: 3
  cols: 4
  data: [97.442957, 0.000000, -65.870115, -11.405056, 0.000000, 97.442957, 214.134311, 0.000000, 0.000000, 0.000000, 1.000000, 0.000000]
