%YAML:1.0
---
K1: !!opencv-matrix
   rows: 3
   cols: 3
   dt: d
   data: [ 2.8688726950603882e+02, 0., 3.9595246153268397e+02, 0.,
       2.8699658002140251e+02, 2.7128814725595669e+02, 0., 0., 1. ]
K2: !!opencv-matrix
   rows: 3
   cols: 3
   dt: d
   data: [ 2.9061975245351334e+02, 0., 4.0124860319383106e+02, 0.,
       2.9033957900883007e+02, 2.7039299202312253e+02, 0., 0., 1. ]
D1: [ -2.3670549365179198e-02, -2.8102292297192123e-02,
    1.3429146781797114e-02, -2.9185133621709137e-03 ]
D2: [ -4.5677439473878714e-02, -7.9639894165110144e-03,
    5.2092995286682044e-03, -1.6389276670477719e-03 ]
R: !!opencv-matrix
   rows: 3
   cols: 3
   dt: d
   data: [ 9.9931095644311219e-01, -1.8373807304865767e-02,
       -3.2249271896834956e-02, 1.8121129344229867e-02,
       9.9980290654691195e-01, -8.1100389417363503e-03,
       3.2391928069227659e-02, 7.5200575443576268e-03,
       9.9944695293471553e-01 ]
T: [ -1.1703102538044161e-01, -5.8735929934837467e-05,
    -2.2387324441349573e-03 ]
R1: !!opencv-matrix
   rows: 3
   cols: 3
   dt: d
   data: [ 9.9975665758235932e-01, -1.7724923671732760e-02,
       -1.3132124754975020e-02, 1.7672365131193701e-02,
       9.9983539407100208e-01, -4.1075873154233049e-03,
       1.3202769801020879e-02, 3.8745120615769580e-03,
       9.9990533303201545e-01 ]
R2: !!opencv-matrix
   rows: 3
   cols: 3
   dt: d
   data: [ 9.9981695749284083e-01, 5.0179154263249094e-04,
       1.9125891221235872e-02, -5.7812806520253350e-04,
       9.9999188896811053e-01, 3.9859460521280482e-03,
       -1.9123735976503908e-02, -3.9962736690563076e-03,
       9.9980913804538862e-01 ]
P1: !!opencv-matrix
   rows: 3
   cols: 4
   dt: d
   data: [ 2.3496506823008363e+02, 0., 1.2502783430360815e+02, 0., 0.,
       2.3496506823008363e+02, 2.2039884876821637e+02, 0., 0., 0., 1.,
       0. ]
P2: !!opencv-matrix
   rows: 3
   cols: 4
   dt: d
   data: [ 2.3496506823008363e+02, 0., 1.2502783430360815e+02,
       -2.7503237125030463e+01, 0., 2.3496506823008363e+02,
       2.2039884876821637e+02, 0., 0., 0., 1., 0. ]
Q: !!opencv-matrix
   rows: 4
   cols: 4
   dt: d
   data: [ 1., 0., 0., -1.2502783430360815e+02, 0., 1., 0.,
       -2.2039884876821637e+02, 0., 0., 0., 2.3496506823008363e+02, 0.,
       0., 8.5431786506412326e+00, 0. ]
